867658 189920 696851 836120 297208 785677 724533 847045 323845 741264 772769 452419 407490 968467 588061 921473 155530 600013 559952 860529 631338 411685 357120 5379 738089 524072 883464 300910 456747 321906 632729 494303 627520 62110 494192 812361 482498 971107 933108 101737 977318 913298 422241 525349 756325 626886 336530 600653 177856 90089 713129 182443 961470 631156 746026 564830 736183 176464 132365 663889 629827 923240 223328 770883 655884 674157 224121 229478 470640 893020 593983 167976 99960 556576 125511 385476 989334 876868 100137 535247
282172 354143 653511 605990 383109 518470 508627 963961 319746 430548 928099 285630 378375 58644 199025 684288 987347 616545 306900 258028 975520 376896 559219 186794 465172 619339 369372 324133 633991 228610 950555 812169 773481 759203 767167 745663 456451 727750 499622 191527 839271 732201 499418 981202 493790 686653 364780 797169 884286 28086 312376 437620 741144 386670 314012 955747 860160 497358 279747 750342 474723 451369 470802 707651 116086 424478 496165 68266 491227 451348 188413 179641 523442 289397 784914 40639 398119 422267 143836 459325
743336 415041 804428 949630 494648 71353 908428 305985 908489 363340 156426 74487 645002 51378 389720 821029 96251 582856 578147 982803 27467 572122 558018 11127 980059 505721 548018 912111 370234 916641 145569 32214 111658 217532 197425 142129 428745 446767 324029 526097 969819 331544 272094 32245 750067 788114 846732 586467 871969 210787 40901 455452 911237 612100 641726 177720 324911 963975 600702 922709 660037 561311 371250 238473 273260 966101 352183 279010 517066 382955 99952 713154 142725 376329 529766 463725 57901 137132 300880 312967
2212 149233 272764 502651 3228 99165 885800 702294 850537 144741 424452 673887 819624 728722 492075 446464 208174 275909 694852 168636 290894 495734 572596 242121 189784 484061 14421 98401 54012 270775 723153 834041 717396 426038 938643 364941 32885 732181 524680 335364 822253 773937 592582 908996 60466 827128 303695 79122 896062 482882 582120 490266 975951 985100 703513 643847 223113 441955 752700 250632 939052 516266 438161 772354 105161 399868 219830 147633 641394 471861 544059 17041 157195 30162 802715 965990 726480 542395 655563 318188
84592 714241 519880 658690 374897 922127 209539 40990 754763 540655 832802 737904 88728 292289 871131 115801 759427 78392 138118 764868 132781 359049 637082 417218 274242 406706 631279 811020 27498 909818 932090 728752 97971 646149 240222 484922 348401 734355 52396 134274 73741 430282 515622 310294 528786 75011 225620 197082 216476 653825 207664 567689 562770 467763 258779 397699 724143 470474 249336 128064 489240 729762 990922 160192 90764 661975 170605 980929 771708 282763 977052 232446 394579 289170 291989 186154 266129 649850 310532 945208
939855 635936 939490 698076 712529 443625 543409 807294 4452 659656 250872 774979 855634 936914 544917 940931 122997 828565 105543 554421 659008 490161 88441 357297 88609 618033 736496 154277 216647 284321 577816 532521 478297 452884 513946 678212 903867 586724 510599 938994 661686 879182 807860 172814 633787 380329 958685 168105 89767 721260 314890 328287 800281 496784 389437 633133 889394 70234 290983 553734 919925 451859 243155 157202 189183 146175 355862 648815 278402 970616 73625 229700 928872 348069 1044 664907 388906 269580 944544 790064
227593 604795 594442 574654 785272 694111 891563 622905 924759 106150 684601 974495 79762 512960 898263 961867 792951 59042 404211 948507 676742 743236 689273 561560 833978 482020 489622 363020 872541 45044 215180 442177 99052 389274 979680 190480 706168 178569 588325 385048 14064 839517 805970 926677 170152 472853 997493 473954 985364 540874 920395 630170 12130 686340 806448 652683 659023 532565 988489 616849 628567 435606 471745 627427 851301 908248 452089 14702 238588 24235 577132 151494 273200 200420 881057 463515 568978 10606 270201 479727
400000 6540 354381 763243 313192 868823 570405 59826 558974 445214 183981 322411 502711 517656 792789 643089 884004 772821 134734 663002 175607 419213 240342 722644 163756 607392 456773 397540 22439 525322 795278 113389 428336 244876 234874 191745 53223 199091 17127 598667 536512 124856 351027 196583 990118 856629 692511 192967 625762 118716 432732 226017 534813 286837 998623 508345 683716 277956 790976 628508 633764 397204 925674 25466 825904 742241 919444 454905 737739 290597 33841 308045 446794 270592 915775 779562 865356 10740 202051 478379
547292 850542 284010 420140 422160 221210 346429 928879 683363 163261 309513 63802 599490 24106 622804 765218 990462 555340 124421 531217 914026 922180 911084 517862 849100 830630 213577 695105 159458 138072 461953 543342 800035 282430 417725 482711 542305 690935 808384 705348 51573 53059 965884 823696 432489 911850 720258 904013 764966 262179 854031 113983 631332 408685 867503 390329 875640 694987 90031 87145 437161 348534 520196 149437 249922 694720 668140 502139 684471 334237 597101 714824 331293 925660 447997 235060 818760 490103 935590 307342
445716 603093 169560 83433 15429 418635 756099 626328 330344 244839 277619 780028 507973 929225 800363 888721 33819 939302 324905 151848 490330 865528 680715 652969 20988 26563 587413 68072 877405 188098 315091 435424 163193 940127 580067 623461 145372 115195 735186 934595 714605 959077 949582 948728 891575 310305 464954 348594 940103 128635 13433 446797 77694 523070 209262 848904 354537 483399 328165 727844 907856 229093 172865 842098 25552 556607 719076 548370 69060 891092 188137 221237 687089 465115 740112 634084 656008 534270 210097 245719
985221 418441 372618 818413 422585 158443 160982 833880 101442 233627 688353 460815 788807 12629 654003 178371 395510 779295 238757 64055 682632 527136 57142 180455 940907 918343 629716 339100 396018 29482 445235 661482 178621 469038 208448 859367 518904 432919 955557 280127 28528 318172 860082 923238 792743 701365 538674 650388 577070 628007 755573 109831 110621 332449 473491 30184 473965 237845 999248 485789 217723 635309 148203 885672 315107 973645 637699 105284 769596 201447 660921 820506 682487 215871 571398 386367 571903 671086 581150 967739
500141 935270 139988 681380 375166 59543 665977 299513 146764 691602 575456 561447 746426 784882 967053 155734 595966 208366 786558 361909 991032 459175 463495 723454 594081 886404 956747 491139 234778 372813 32947 396337 414870 939228 155193 942438 734763 249983 184474 604741 362048 79760 734296 138640 965007 731051 965359 794132 475116 114895 458890 76487 121916 341716 972005 996822 949215 439679 459690 107144 109847 442837 308312 814925 801952 178316 762717 596795 557971 728766 111545 852650 962689 54539 657997 327431 528581 696261 427026 783998
373689 10449 689673 884492 408809 483105 135451 954503 50907 599901 556963 591197 958493 724320 831995 323599 817739 187104 150659 221769 932857 159688 454557 285223 585380 676656 785776 854661 705161 620068 824737 862239 459284 107044 378006 236728 824651 261162 761151 872630 343663 847941 251778 947921 278343 394303 968724 649747 677584 642630 455150 988596 281589 441182 94970 656342 764990 279395 895687 295993 17730 726498 559425 134468 534939 101210 399597 965666 996742 644023 911524 703435 288991 263754 952543 771711 239712 108447 516815 977621
898853 665481 88272 243814 864215 103972 3511 857648 55276 389162 843179 207075 487585 764009 869471 460331 563428 751413 804232 931178 538909 765086 874068 670391 131784 321577 993156 565421 224042 94538 987964 178203 307131 781157 271366 422549 860905 694130 788099 642440 688811 602484 95447 742918 430174 943921 678856 173124 272246 101761 723453 409667 757061 46336 817161 145822 299484 480743 109944 749041 56121 167125 653555 359511 630187 85947 516501 266160 526593 671229 789223 731007 482261 329491 628156 994774 992100 357811 347222 962573
177439 859208 875714 826451 930525 15042 379731 662436 144911 933223 794844 987730 808020 1252 25301 881498 817142 536934 164521 488924 323869 348235 541080 260005 184868 519253 247189 700688 730052 378212 88542 913086 582772 330837 286434 164610 924727 254364 100542 39745 781428 676886 228049 29389 268850 797980 664947 601015 416276 20573 218950 164937 969464 492487 21625 659094 6202 959665 539442 922385 146667 685874 771685 233826 330477 80234 217906 112932 881525 504615 780363 257198 51551 562233 988337 520398 137383 500014 233295 779523
752333 170722 898596 177587 285913 623378 186861 980917 548427 80629 909070 595255 904913 714835 856602 141072 289713 663304 644834 951478 644554 474953 36012 575145 174940 906313 719565 346107 156628 976062 19986 513087 736835 282067 155967 640793 822963 318799 642293 982582 504214 549651 336068 567405 129232 375474 928889 269191 399774 642074 24179 125479 970884 101555 777679 196310 84426 330952 496641 467891 632948 470171 742698 533545 837808 878962 385433 430980 420128 294561 670260 432356 878716 522566 79990 904092 676219 811726 557554 443815
996163 409581 128866 103428 454782 414377 57368 517605 455047 433935 384141 3449 486627 522382 127302 868433 527417 969177 932234 143349 847614 124550 48631 657908 857648 679447 321660 32649 533885 736305 558378 301533 824433 292706 529488 456696 983791 42316 369278 927904 94846 431378 122288 280856 610224 29777 859758 432621 261939 468613 241381 565510 13325 832024 651219 403003 22709 106723 915304 318905 792326 76608 252788 781967 616149 975393 151861 194250 952594 368912 691578 755512 830567 79841 47713 647817 347419 945386 751761 329624
818034 540675 505139 555507 296305 297982 571837 680142 636198 154755 450712 325979 984929 186099 575449 721476 34925 546262 938886 533639 185587 729617 418896 638491 755038 25753 107329 485233 606150 269186 370901 887815 564952 59349 589838 288016 985818 937364 726406 121102 71212 716051 587373 281631 787815 221686 549484 926549 268293 169011 898639 916583 999231 705867 603349 641493 182837 322132 914969 823578 570739 190641 304625 78981 166563 196502 36519 244532 525786 359939 494492 548673 679288 663748 185719 998579 3488 595458 993561 647887
174399 527425 804210 229387 785828 10190 497370 833946 44440 825642 169056 570469 813380 55216 461374 535788 380363 163069 624177 866871 843560 404281 590038 84528 190675 18702 64658 597273 123167 585167 97784 59140 444344 52911 713499 837242 571647 896528 294592 171802 77496 818593 857451 667322 204173 385808 552952 500706 850187 118069 351467 126734 731657 262117 328652 402027 748338 629995 789381 16543 531877 8272 391294 898566 352428 998588 518177 758356 129059 740627 596646 305743 39109 561558 112124 297335 844138 810334 634685 573470
620599 381165 4567 920906 518528 847069 558432 242038 865992 315349 744524 234331 671834 636011 168501 586548 763073 868268 782781 591225 337542 314888 910521 341902 524012 220518 94214 980824 508956 778912 467840 306859 304371 934325 849286 823809 849762 382326 582869 458941 811416 679988 620403 902726 843723 537972 587498 46842 952671 299455 68211 378964 722830 697361 170138 417875 974569 536846 83055 363214 667857 463296 382130 165964 287842 826205 658934 599229 660145 755380 636486 549114 180406 120087 356227 747947 854792 471547 813813 224131
548325 999791 878843 904558 404242 641772 296672 336392 516326 193895 379727 29587 999745 820495 4065 833031 667779 942218 706793 261825 140638 329924 534438 469119 608701 896231 93340 569236 407383 501631 888491 257376 240657 87902 504724 800079 228974 483308 882472 919139 837211 926958 868192 256153 800739 289946 931985 134223 504111 26795 660092 538463 933245 459337 956975 601215 494140 155607 787596 257326 433674 790756 993968 381771 597547 852899 590078 701028 678129 570168 231743 391892 871375 426037 440963 611639 805790 556243 673020 555351
854731 47445 921231 677860 865114 355030 713980 288365 480644 359473 841896 491559 950213 542172 329657 880742 169850 799893 512286 796293 677693 888836 870037 2166 648562 34793 359920 908006 844732 677999 428819 910013 793295 230825 167698 501946 132418 96503 446872 701163 153398 225945 949980 359203 869716 373204 18396 525918 314254 537874 728990 362139 750514 127651 241802 631817 460991 361356 434933 514849 673434 864146 291715 553364 110662 963471 882540 759230 351282 478523 320384 874347 769817 979278 605189 529051 672503 641794 635501 346948
73488 808983 2833 529618 402634 364420 25711 431829 692331 370634 868344 475744 856052 393300 45985 345477 616153 940951 842885 82591 536146 839653 596092 507099 362387 234192 587188 835513 756039 145752 627705 544712 533134 449091 726288 799357 821411 435262 813414 791998 885 463242 195764 910880 661128 658108 178293 762252 210812 901966 429651 510544 501970 551366 656447 766690 476073 833013 795352 206736 304494 381753 321918 323458 723699 179599 212580 524985 77232 85177 60427 956870 797618 968164 298041 2414 291583 770308 549567 97684
396446 876901 988500 968859 985599 614775 44340 452897 401393 185089 532018 709316 746806 427575 653094 22176 186351 799113 860371 599864 717293 654882 903159 865100 304003 880909 917559 416481 381547 998506 525258 489818 203424 707044 785008 5256 376437 240166 323071 510141 437072 58423 939095 657056 809422 58120 315506 71283 326380 703926 376029 616362 733323 591720 448903 452974 177449 999408 739548 252275 108189 499781 978575 271637 952790 503060 882241 131041 782587 934882 498672 802848 737121 984403 691630 719136 613005 809581 210112 352991
993047 564360 39380 624820 619730 294838 351085 960028 68121 370981 505407 280508 945437 210349 532708 66247 469204 315252 944155 895345 961171 901129 849465 400921 506709 801546 883673 602954 482826 175786 191666 58283 828322 62313 711525 45930 850940 586912 972664 16617 807478 489048 268361 988663 522458 47766 613116 778302 506152 624848 438978 684762 23993 701021 400316 510246 316225 492612 913756 915750 628301 852199 281704 452029 424757 725277 846543 426956 316025 831367 589050 681535 928040 362128 770773 421740 523595 758090 298681 771442
823360 877444 630545 366942 64327 521273 261565 616441 67834 968375 498311 993663 459081 963785 694229 212625 918191 121734 215517 80403 378626 279808 896740 255478 760001 206800 960843 560076 204129 438380 774591 42753 273723 674146 812953 58046 35362 348623 248020 513137 950677 336457 289526 947776 22333 11431 991994 725165 209102 603500 445156 381735 939621 103266 324400 615384 835363 414286 982868 128950 239500 843377 23513 656601 23418 864682 478371 172470 279604 977420 490424 389286 171081 531167 909820 619128 683796 56284 878376 490047
653233 589244 653388 558416 512196 186647 250155 534898 120542 170076 378508 759413 23117 564250 145704 363012 764362 80201 364478 706812 255853 895123 32668 913242 816954 283866 992492 837015 388146 545285 412382 767589 165178 237068 361119 944124 589134 142773 225052 829521 964012 24482 315290 858527 627116 244369 362712 883392 891555 531450 347594 361010 527263 166740 999471 127193 109314 484503 138596 944403 550379 528703 546298 206481 89104 663972 712690 259897 368369 235759 914584 547588 124022 846649 963209 840539 837729 634636 15321 925191
422455 550725 800873 215423 486965 332758 694815 237751 983757 266253 100677 332896 627130 775451 526034 904830 39348 392531 912243 846587 210823 852336 773630 839543 614708 347683 105550 956721 208528 413647 655349 716491 263904 260877 306084 367516 457969 757092 261734 582886 43040 6237 522826 509859 95344 493901 812299 947225 132798 335764 402701 311584 613955 533931 722882 612974 267879 251155 260167 207689 353527 719844 387566 373403 821918 676892 600877 934097 231628 420282 239491 879761 863203 592486 875910 957099 742062 151600 675423 547413
973100 349864 285614 255611 333815 789800 520057 299298 246296 427458 844571 611380 245214 631443 302895 702466 768553 712136 450831 839509 404207 773983 964606 460248 965675 17652 537776 808129 372416 558707 29251 172862 403986 41584 518047 119806 296414 112706 46572 716195 540446 902929 65314 675645 479218 983545 594790 67357 493923 861733 311523 239145 9930 181219 971019 129325 294149 38356 351979 208394 760662 148578 637830 676788 113470 765342 360035 551335 952070 650772 13359 522697 799541 284611 551714 800922 186091 828664 618818 121728
22907 911068 790744 854212 825047 310300 567684 6028 880955 717890 310025 12414 11377 247670 923451 161739 84287 630654 447477 458162 252550 618404 831664 367643 258600 947163 344265 408677 275985 70138 697174 235307 88295 798909 780298 886056 197413 227211 927588 128424 632187 54203 665351 304352 110966 232947 104313 967692 227016 636999 311219 894074 156240 353224 987554 20917 680849 404661 535284 833772 19882 216412 159513 791617 132638 124998 134424 860804 848063 85409 408372 734294 662874 356108 46505 422270 761006 680255 63410 7854
306203 932062 586137 518236 771380 205410 825892 554311 278806 438558 254129 687388 859203 906558 392232 171685 345567 3205 751151 787437 364884 498865 54047 610505 46812 458876 407557 763830 14693 832153 584676 49798 182663 350099 202512 964812 56670 463055 415554 935903 811155 95453 701730 144406 238864 769972 584627 101028 549204 937271 840077 280016 814752 169894 868566 153223 374256 814764 805752 567092 48132 392534 64578 372700 537748 198752 309038 840692 932994 56978 506140 825918 382767 211495 302284 635871 719175 463659 274265 585089
658957 24827 165193 3645 181745 509194 900063 995617 421980 480854 178518 172724 71136 223706 128072 676954 70555 14970 166056 753353 221591 280206 907415 523086 777557 339523 226032 595546 858833 180235 56080 531270 603924 738151 421969 819807 449434 325321 935611 86205 732747 390050 864746 775655 69328 398786 906760 243539 341803 524233 666920 165745 217091 956234 701546 558369 432517 575547 166702 281134 302634 631161 580011 180971 717399 208746 471428 928740 680911 825188 605346 101629 468760 980050 723002 317819 928810 376512 86599 701942
422958 176737 131985 198774 821019 487134 552806 242073 548987 980490 941469 217285 157648 410976 206716 281618 508106 630061 241478 387149 185567 430363 232500 286618 612674 678072 476194 623248 357453 992597 193351 264420 781789 239477 819578 665924 28359 627615 642135 938953 266621 656934 819824 583728 92762 911847 632920 921666 962247 730335 841819 988940 791808 443039 917163 121162 245299 451096 377278 614123 300387 960897 39400 822120 540306 999848 778554 845372 696383 164517 885451 789265 126137 735880 586511 410435 103663 187144 993860 68843
185921 37232 461587 544677 704903 137503 187624 503268 111932 868843 544110 120263 490208 539530 858848 244131 586851 17320 319534 385130 718885 820890 384215 500124 337133 283760 966607 17440 896794 236998 400964 944523 406764 775349 312015 553466 258427 696810 678191 845383 150251 158399 993423 390308 409334 556304 628206 115579 332998 962312 283608 558346 404678 515039 302020 351094 802050 413363 639837 552114 247542 728876 676425 378224 426969 88392 102357 682879 534515 747302 977917 701144 261332 653788 92687 987530 764740 54780 595177 536229
376458 616659 287578 846458 364538 636695 495382 221172 560583 229868 213043 941771 623886 641590 214945 264135 879109 933017 231275 96616 568828 99928 878773 477280 676576 802970 962191 11982 344094 161351 80270 369547 909790 673936 192126 223469 326365 983040 188520 316743 414598 217340 747251 342465 44451 60635 377557 995001 610818 103327 480363 295693 34913 686003 545640 483268 602570 618322 3262 979982 429090 162403 772609 620101 82208 180148 457580 326212 478277 862880 369223 309121 729807 839259 802666 29043 469450 938190 562210 179577
851223 363488 790771 362240 422198 259311 1344 994682 65424 302748 408422 229996 212802 393753 983828 523695 221121 744341 351127 422731 87734 329626 279398 136844 916500 123824 735460 112077 8844 554672 130837 72269 269355 821606 863635 233439 945375 70254 949494 591846 508996 516897 85973 759249 405834 973949 177566 137015 782102 437002 188080 935268 829349 705874 277881 212541 750982 425509 909154 614945 840006 666572 845603 850410 837313 976208 308125 697288 268452 637873 733574 868112 376022 218327 286252 935380 130522 948999 110270 617943
398691 397824 598497 992079 534989 266981 850562 958070 258978 636179 481420 380056 996813 981578 864582 592967 438327 555496 607768 490441 884159 975330 251609 19709 651620 709707 454688 167272 668718 371914 736137 379097 658826 815909 309184 146446 413345 807147 880100 720890 573523 359369 576342 299749 658215 515942 960907 923278 370375 156185 304855 437675 306380 302241 178124 780300 533434 654523 691221 180752 521368 587234 370289 809536 360809 386740 704448 623731 171371 118996 627029 746609 17634 181496 709687 834465 66367 599627 736226 124508
651026 844260 756876 881986 955685 540809 645509 443618 346800 679881 454823 189609 712830 522125 350034 832750 474362 925059 38777 788474 477932 42704 387616 396391 930275 387689 302948 817686 931682 839353 563344 205597 398587 136952 872282 805756 32647 139923 510450 291588 942311 123278 552052 477729 441060 391752 19320 390536 390863 218124 179626 140690 124384 945177 843944 729628 718984 841136 671189 936522 946978 521723 273082 669056 997229 953893 253171 750412 465929 521017 901957 698381 64329 476775 910643 656135 945024 617942 878452 594316
752081 760973 28311 182898 503938 408301 153482 106155 792539 833846 117521 588569 63074 767546 755966 425460 28965 615968 732121 356505 887412 81866 104922 216546 244778 587469 293698 306330 307688 227940 97277 989722 953122 624017 133082 516181 470946 626955 497352 306313 93747 69833 913546 28062 202383 908604 871261 591389 712001 888384 989207 154948 515610 998697 841950 893782 658780 665124 25754 742421 296028 214703 599601 775193 263154 570198 572962 272648 274313 107123 405589 23403 927585 839289 591761 510413 312265 877311 770941 963364
357471 797394 256502 855725 624765 583427 108151 133089 909355 391100 687361 790072 830335 90532 792337 286535 74148 479006 324328 180175 559604 985276 590153 476788 906705 438185 775280 56651 752292 474178 118760 554726 609912 853447 84905 274702 762810 740719 413538 500195 98090 346193 115993 371734 321164 365324 517696 924762 280843 754914 801894 767052 28485 165575 7188 875857 834416 390386 933730 890085 462212 667744 604344 820554 570450 742248 863930 220516 316036 809983 179306 43411 250401 184325 42416 456108 723000 493360 653477 370798
439250 67637 730091 931398 278744 848989 77181 834978 500111 170805 536689 907789 946860 964374 69696 149360 701786 113920 556383 743119 840215 495402 381930 329220 474418 84533 92668 73626 131897 949650 919858 803379 818139 631596 570855 688151 597986 332304 803979 57743 83547 901861 7576 447715 174160 819832 82252 933477 714759 935793 640424 924274 726816 122137 391413 667669 787114 235179 994208 989795 44239 106523 429334 163281 14231 358063 281818 153205 336347 302554 778036 795767 732081 419792 958944 537493 590772 173753 596354 259792
829875 350504 299263 315412 192094 413379 465796 351548 739302 926394 981331 882899 91597 42822 485217 989112 491085 281885 48739 921414 356950 163468 495556 46158 50958 170504 95209 824308 547360 229244 289530 19221 300811 72572 291764 673554 731350 809020 764386 10653 398438 309805 62371 654799 566043 136911 80251 237147 989399 373479 501583 267992 829689 888658 68257 995314 699309 811687 330137 879427 958979 552265 564477 315327 703908 217677 758622 716783 936004 592190 998549 460529 528363 690669 687388 568149 539005 894036 392483 858860
136093 895885 133892 629807 395344 858556 30543 278481 256061 288923 182805 363686 288597 717689 84396 521002 746437 11270 101385 562144 752791 47746 256682 199103 96333 578084 303059 745422 972363 7114 225956 606449 828565 380830 997993 927060 491387 864303 347108 541941 709938 613865 787551 256386 182609 465185 675913 225099 469786 527287 153832 558595 745262 970391 682880 769363 953170 700039 319404 196375 669906 416768 276186 336957 95388 756531 903293 716992 225176 674004 58601 781864 86954 465777 784774 771949 853226 49128 164068 867822
655532 94321 790829 137746 628882 236014 132137 205271 668822 34209 428012 364506 769659 376132 699975 242473 497197 299640 826685 721441 352248 906037 150555 672178 733116 364168 390038 415576 664753 270103 724446 28941 714748 589201 476727 829409 679839 675800 675409 442609 309951 313201 648329 283851 215815 885622 142531 45183 851454 807716 171633 89003 919876 809003 835849 157169 918483 146710 196255 172826 119246 868848 668939 990489 353567 596380 289157 853136 589946 133526 58505 861234 963800 408453 280056 804956 669220 958070 34517 878034
363528 919890 72565 414074 477828 810376 292130 900482 314884 655062 117897 373972 828905 810120 54282 400811 136148 641195 182153 690610 824626 609045 284591 128424 15834 304461 602669 78050 802743 645461 513961 542749 21917 761830 874199 639506 594102 660715 506312 437586 966983 758916 958629 382932 999085 198263 139860 713239 124818 283800 234123 501574 774397 837076 661527 939513 260445 217472 511936 269701 82123 580007 879809 892015 887993 321776 915157 644682 161264 165685 944516 404543 662592 512936 90245 104598 178585 718041 634376 919294
997445 631183 665365 608005 348933 434102 902851 855274 53331 604097 340310 750134 333334 758864 762582 367639 697947 138224 196077 739902 154328 179535 398030 23155 347272 535939 913244 87520 359791 33982 344463 201645 535973 353912 52702 130677 19190 403399 187534 149923 813933 55827 96496 318753 752897 55111 420448 813324 999681 776190 528400 263296 788818 784913 840584 355129 782156 256950 509778 3310 790689 255889 670545 2733 433059 224693 714934 620776 575920 330964 119113 785374 557814 997137 563001 389854 707456 770214 895387 547694
721967 763757 690080 68932 221647 205109 186581 541342 135725 332555 799700 870677 733937 766070 565057 778835 928471 548030 624795 251096 765304 148566 20327 667179 982486 298097 923818 984420 247084 565917 155548 691505 719180 267789 186677 83172 618121 948342 561762 550826 108487 489333 415230 367199 888474 683149 799186 6797 452481 503490 216976 537186 657846 300050 750367 208818 600926 713900 117608 386589 338230 466297 593749 564960 155290 614156 679950 543753 157055 419632 645606 84340 292151 756036 268114 272905 775842 19873 400438 711692
577874 632305 717386 384610 825162 946643 17414 303072 60954 300263 422840 630093 779142 880288 702105 216756 366305 295498 487080 140882 867369 674761 916726 780316 703936 557137 235183 466417 188672 918898 285234 205485 248876 612631 979675 958135 714031 156928 680293 912604 511622 531297 46138 770398 190411 935928 921832 603304 582704 164595 316028 979623 840722 90058 202747 781090 164056 633407 899657 171392 650198 135883 444214 300414 56858 261968 446724 745436 819734 695837 399179 743145 41502 961092 423478 644 844677 423090 255168 743902
142320 106643 706462 143761 850325 113 544535 251371 505475 690448 955091 945971 870820 94642 142203 621945 284860 728177 809853 321294 143567 476002 879873 252936 648862 692468 719417 243578 862437 137326 523016 775446 795954 287865 851983 521207 968226 305907 585805 904317 349305 23548 889689 861673 416771 731184 444440 14616 561518 512136 83551 598104 863516 172345 584407 960803 348128 427879 237799 536320 445888 820827 283043 710304 224100 721225 275027 754162 477600 34879 518736 434223 894809 906692 182855 134708 508792 405220 307862 879104
702890 318462 568334 429942 764288 522242 802130 18714 885713 284296 300293 292643 755735 65180 634112 431676 656963 672941 366245 473200 109809 598281 479325 968240 782673 528100 442485 219399 62722 471700 79173 282018 601572 224522 209285 197698 271324 844561 478958 146662 640194 866301 91866 71587 33584 267733 929427 944930 941094 143036 590161 384613 34166 925354 162832 896500 369098 701096 176801 561609 484878 463363 996209 715550 837146 445179 771104 612538 376794 51639 322581 466272 296446 301655 3914 740620 460713 959627 359752 333519
146400 570216 181772 803737 816760 442885 557066 84435 266643 194151 410716 55060 444 483134 309020 652081 87179 977826 743072 661182 725000 95773 77189 167080 652768 186579 146323 279378 864560 999015 298327 440515 33061 379301 654478 27787 157159 993879 784279 105455 386564 266154 616129 343153 892965 214421 724658 733035 59360 237561 11739 907660 683002 106175 730323 148226 642851 419660 86572 996384 678672 831632 643233 944644 309630 117277 833954 763062 454833 788369 907758 555984 283978 340054 60086 675217 855040 86905 971279 977364
826196 301076 3400 718229 920735 617769 851788 670975 519706 4396 821145 976349 849520 451793 48206 36914 75270 628398 69353 572472 567675 566256 410 79012 410245 822817 2522 207076 113456 246149 937736 700238 914216 125744 50534 904261 353108 114637 759188 560441 276213 932015 101810 571520 907232 231255 947978 767279 247876 82237 854206 194889 900539 963543 100187 984652 629015 808410 823514 376526 842178 136179 480227 594231 774944 320914 841096 231748 263882 770993 108480 347527 74799 118537 365108 219413 272253 783735 985128 463120
388590 346675 730915 684806 286634 954049 253040 778040 446645 4987 672859 145260 158447 365047 929310 900519 793963 527400 338224 990236 876867 6692 572878 594988 296724 274413 99182 35196 678014 430811 793404 18212 615598 926260 483705 541369 292043 517295 595542 771637 282188 882647 512348 669919 576509 469715 183565 554502 245611 725473 676783 808338 985308 796010 930038 150915 178095 84784 991848 378986 730057 616766 137196 474009 783328 125334 834509 592591 718421 148627 758753 841681 291015 42762 637009 173321 708471 694781 777361 150586
117986 33399 263995 468362 580525 431733 857026 785938 704985 844803 906018 759648 426329 579043 548072 591921 737630 634467 691265 303152 101359 52395 718486 833122 618318 438881 709630 500479 461584 153260 464819 173169 583166 40767 188236 549792 272515 535095 123866 583229 364481 606408 802337 924878 809577 523797 320887 391476 226287 999669 487806 257744 529230 171415 79996 661562 224662 444791 689831 344343 967873 974535 760803 64634 310059 206214 438169 787615 626769 341836 979545 12127 607543 78463 504272 206933 526558 428918 703696 35831
977359 108812 152450 17254 211947 611644 477270 766776 671568 25003 377664 439139 526554 287263 713692 48201 5653 551286 192482 743278 430457 65821 314216 367918 38815 825252 440086 878140 114824 780834 843431 858792 459109 145289 14779 28616 657534 207014 756770 609142 337663 802354 927761 945513 88145 797038 591536 108363 409830 85750 380957 393895 512043 751484 910644 871906 416112 769867 725390 299303 265661 328079 339460 278665 345957 412638 932366 947032 528690 944406 564747 11965 639546 992360 508183 789605 74127 245435 47478 573305
765690 266204 629170 263919 304298 133865 614949 960675 38310 904679 986929 66191 134443 423913 166379 94250 673573 284730 682326 649406 742404 871753 476628 990812 982864 551662 349514 227223 644129 314842 626991 559197 867707 66458 139950 285263 796862 203334 298088 176932 528387 595823 923419 811681 281664 388713 16639 24263 972715 966400 885203 669451 99432 892080 425586 147193 235964 312619 687186 417356 919031 389915 627387 358384 37668 311559 740788 908623 117712 397244 142656 298085 272510 97454 605646 290264 869817 769692 345941 158906
874370 558292 159020 463276 370324 855408 614107 893476 192431 800843 644776 665048 846489 424635 605495 343363 122565 872244 565162 821743 648327 974646 200512 499760 74892 376236 436939 758422 268419 920323 881655 944782 186045 948393 198208 462374 213083 931339 305000 50844 947372 728993 467954 707267 234900 683177 141708 182637 767497 188709 106232 786034 842360 379053 79327 583541 829858 14648 961447 229614 54528 222699 589955 930888 105685 948751 458171 666941 695968 155762 440125 673931 255861 181680 695823 711883 762708 406074 17512 230564
12874 3763 458295 47046 738495 245136 254913 136336 309605 551244 451355 575193 38264 881085 370563 258132 441683 869195 64823 348500 346835 893 400609 61152 28564 149226 681598 874547 825650 235161 316734 306141 181554 682378 425343 424017 605373 496683 979491 761136 300498 941167 259500 711982 536519 845860 65833 901917 387746 28936 372728 173398 909405 712686 740022 599628 914414 44109 363082 294234 359656 790675 130329 883915 878586 718429 761398 23005 744243 405037 642878 119796 976309 412019 526490 806779 235164 465578 60333 555914
436496 429270 622011 112217 344286 403277 923336 722137 663008 454819 555399 946926 443667 443912 254901 509309 856317 232075 239776 155484 239884 358923 189805 140426 61812 702554 789614 218254 575819 818586 723981 357370 772372 648645 770737 145618 405962 796316 714960 215783 149990 953622 31339 955802 735809 656555 965273 574967 302301 205921 887378 943091 672403 574389 955742 613306 697734 35603 963020 217856 518245 570924 693581 381775 458144 759542 909032 392578 277187 794301 98045 232950 506435 905956 897486 316500 495892 375968 515462 217777
331800 245726 205238 288192 131619 743959 175001 95211 200085 320699 241446 850044 770568 319680 724789 599006 53407 812054 501208 778309 633943 674873 736936 717873 520746 88509 284269 652596 931715 684796 608650 462537 688388 465036 394738 472136 352271 158534 664200 161136 701755 740098 70779 899291 235919 44922 534722 736679 710257 987068 78265 7623 62460 70383 343314 212491 147611 337629 707535 430435 579040 217223 22634 133259 26330 324923 9829 277893 78316 239942 218700 970062 757691 938917 114418 475437 547249 580867 882352 512170
761232 963563 778981 645539 787706 705887 757063 224222 697205 162453 899756 577830 794432 87017 997760 974708 753385 804504 413029 224538 988118 475755 214826 10 551244 4959 384401 957787 980855 864456 474478 695290 559516 687358 233187 711334 161074 173320 275902 12 887152 138028 362722 321161 349836 712190 728122 701359 973470 818728 169364 764911 238913 891311 6380 334417 883264 615503 24086 776110 528802 291827 8367 581592 885726 334108 543183 421297 522167 657221 496948 645529 845253 301797 859822 355204 766181 923469 355277 949903
977081 670088 809526 100355 502243 590972 591931 805762 694465 573302 61076 101122 89441 604758 127653 120114 3553 405200 539398 719822 378080 751112 540334 432431 764192 863663 725091 113536 808032 85713 851136 509715 22438 519718 322514 255856 82186 375049 489373 662932 799035 597796 736329 25955 129772 987129 740168 630873 880128 142865 162766 88136 65194 99320 938915 971313 882431 27392 152945 844680 423988 174847 928196 605654 749235 355299 852891 46192 766943 86678 391104 200881 596559 483319 360531 136067 328942 783079 249809 600066
40273 724917 797998 840343 154766 329631 552291 504447 273314 855250 868296 408200 377119 334361 718089 38926 230866 714073 44308 550641 465765 876976 343361 892022 655922 917875 271600 735746 270234 817707 385046 44845 224276 341516 960393 723384 501695 838157 154602 270003 355274 742741 205686 71813 862783 540960 97996 226096 760401 628322 104774 778738 357136 904905 588988 659868 558012 77898 559020 870122 945965 365371 803473 143591 726639 683201 125827 696873 42217 966993 764612 862999 141131 781356 437101 341537 162341 497409 656636 707766
715854 967903 200921 471094 56589 759077 291216 277177 133127 253792 410861 360928 731726 126444 560144 691021 815761 800311 384752 173825 95416 421849 80079 551567 251965 249569 294380 955866 19660 476521 788636 991563 692535 501572 731687 426054 723613 742897 485164 473493 954209 570096 524492 679528 593072 529619 461605 579514 278467 530260 445696 546519 250280 445319 751682 191915 475051 550054 24496 85849 989380 607325 389773 213609 550322 326127 563321 390989 168073 878120 79571 336990 742011 240771 216429 901455 13933 166588 727096 549770
111592 26925 357821 473190 740026 417492 949365 879005 774173 83791 632866 178012 730488 173889 120157 964695 727947 90035 640249 807081 63471 281870 933817 781846 84936 705258 587775 148131 151544 741044 906135 37782 472682 884424 952855 173546 211546 698700 674500 995759 832277 259793 116692 150631 570181 784951 584869 650764 167332 657808 912033 735193 256200 18363 8089 672095 688000 917273 238485 284973 670996 444723 324822 474135 416751 135181 347042 697386 11697 10230 42701 660158 199239 607840 149027 960738 397341 202995 702705 265101
416997 527244 824462 807555 801516 267364 664992 952087 30686 892447 296602 80254 696698 25986 825889 273892 681951 837587 187096 754256 356972 638888 404273 808953 876567 98230 365024 816025 374652 802717 488312 541680 425720 986250 100945 50005 325331 208457 613380 381530 599604 562664 262130 771556 335301 107586 563157 365897 53565 996080 496548 837577 519676 121060 983188 339518 246664 93156 873550 876872 362301 411858 943514 959481 178314 855312 930372 917931 839119 658395 669478 918100 650607 733573 370536 259931 751208 97277 832389 69476
764339 370925 571265 568500 953913 971508 89830 843558 329416 392171 976569 846023 830860 551498 130218 233377 368207 971815 533847 681790 665036 241047 223245 529137 441956 169708 904577 215811 168288 354665 207598 261498 683509 546062 477912 304252 724192 213123 877739 902022 151492 822632 762166 338940 242179 441708 643231 164548 13680 924934 93861 688800 261543 686682 4403 262969 531962 282083 760915 194709 539947 135332 128905 161675 347613 875077 872374 561650 941721 326 678734 118236 742384 363284 464917 459813 292492 657835 350382 61159
640039 156826 756242 182753 358064 648850 835774 976633 359475 408869 811790 143181 777144 216652 3216 28770 84404 461570 245518 927392 398226 501786 954176 955407 616962 828567 244599 365487 155870 515211 602556 224426 8130 777207 506329 559027 209853 357894 145770 66434 686121 776417 120398 767207 821236 781232 190354 582851 590206 328355 244314 821470 305623 229665 644408 881759 888851 329979 440506 671349 933029 222276 705372 828369 926604 441547 336088 982446 290371 122858 947614 455823 953648 168018 728171 136549 989811 327716 814788 795024
348497 969417 992602 750893 326930 150011 686749 122133 261864 842777 236455 649279 993817 43619 70161 48556 616715 683844 423298 364984 743870 104757 980132 115279 184463 390508 396003 855801 973657 446329 238789 30319 708419 957452 409740 920915 184188 484235 838389 528203 751077 456290 585984 469955 538294 172869 454922 716568 945121 601466 696191 975273 992693 253560 477258 640081 752806 184315 186072 544810 446019 991696 363854 495138 963046 292596 432381 957181 411088 870214 991142 541438 950774 998153 321690 270978 566462 953683 754954 736926
931122 504384 465217 864028 170453 32256 812614 530773 600096 127955 359975 599436 310364 964622 584262 317423 382264 978386 291525 138257 563197 773726 111289 432151 353821 90540 759925 570281 868620 916960 149696 725151 365065 151626 643259 755979 947612 678612 118530 270023 863978 984119 442349 607831 577395 924370 20339 452015 50266 813390 749064 294360 159141 557669 674753 63859 611286 144833 158616 778187 692207 365904 277669 662677 613645 268239 346348 85562 392477 741252 47004 636029 146274 413753 508942 525945 328590 486017 948935 304498
496431 390074 764464 217892 590640 718010 644278 182568 521587 617051 711431 128523 760519 517406 945964 638614 325319 341916 398226 36847 270004 949848 167784 935207 680287 730284 800723 960841 348135 246042 387989 707388 403814 443249 336234 573487 306734 856638 786233 179446 719254 51329 281800 661754 730481 268579 950558 674493 687430 184936 387914 412585 840288 7454 848293 387055 476072 104348 685264 153753 754630 803575 44352 661103 185760 476989 808861 243440 224177 667774 985424 768138 842378 535443 309703 354034 820181 102289 97567 136689
606126 899123 74768 99826 218968 459484 701152 483476 619262 270950 286908 224484 259453 115661 565380 20243 786053 622848 156947 535916 168832 616526 698393 405859 169783 606414 469671 264278 441119 581911 155564 58673 179816 509429 800027 189248 895777 128199 337901 131941 778899 208816 517467 647493 527748 167345 248722 393766 178504 43014 865656 47545 703839 88385 384503 460710 462992 534315 261991 946893 841802 169764 17089 676554 417962 934844 225918 725182 838504 750693 185092 668508 373545 988804 201456 969344 321698 86875 798037 368232
153317 730933 232903 52307 515861 243496 612685 447862 848981 758324 631400 116367 12624 618239 600656 61614 958752 630493 500587 181694 104293 21294 472708 416117 180531 357386 716740 816363 229648 196095 79378 812385 591008 837636 870076 118935 759259 406084 673401 559583 572947 869372 151215 77926 786964 995031 951891 559401 211451 321121 283652 69533 573862 33214 554763 423685 890547 195477 212982 430496 852925 845415 117523 214036 638150 325239 139819 449766 648400 908542 586234 886001 597886 943056 701871 734543 484359 748320 678054 149914
417634 945173 181280 986653 223678 423772 644925 314122 587447 751491 238997 978204 550290 319146 247248 90147 837793 85410 399292 284507 302621 957914 574451 311093 876713 245170 525541 539712 82818 849779 996300 186767 359975 992949 390074 316555 905330 137091 231888 951667 511325 199484 423674 341010 964787 453853 134029 944777 113218 1733 726207 916684 919599 854216 802322 793924 437885 236422 232405 9907 801198 734413 390461 629200 858 141845 396954 67578 208937 857240 155585 550511 620147 765335 309228 756682 854015 467635 22723 616570
399876 80935 81947 836340 498125 819871 749923 380620 291153 768954 804791 968600 134423 22874 392169 603684 303774 845042 288605 140862 869800 710073 405933 562990 57349 439086 984224 155689 177061 394251 421493 558241 286789 527244 42535 271026 361312 397486 560584 163357 957194 319012 911486 937271 714526 201813 584331 232684 986507 268415 348110 486476 105255 425012 527628 793023 59895 516605 892710 984587 424142 406049 648821 949799 944038 630694 292966 661189 491833 314992 217423 855450 883084 746416 793686 327279 829965 83574 718041 68611
296211 13771 708559 866588 591400 663282 184481 521615 1425 352820 628287 153764 30807 283839 892673 238888 58648 506236 955088 623743 559947 114309 539391 582167 187886 342275 376359 155375 561562 226922 525283 106703 728009 991712 430597 934940 743038 182302 295898 314283 433296 8323 159669 690555 196648 748748 218476 305795 535139 524021 472318 420120 692885 184300 396924 816155 369806 446350 809861 705662 144685 648505 481496 845483 255739 693659 669784 101191 268720 321873 661118 688232 232799 934410 245790 720754 426087 621251 918541 80782
691423 494510 619825 158185 745125 71429 660052 188362 284056 53843 866852 715059 648193 225656 544598 967939 3986 252464 7922 193853 514101 874130 814498 880573 690046 778398 972305 645699 99573 629240 576501 814469 664472 27598 761838 729532 868780 165877 328238 718571 197399 610277 832560 210537 909655 567552 413277 161361 21759 723469 850413 758518 328135 549671 793267 68475 730999 740918 661353 400863 695678 123236 897036 948365 33239 388891 579622 727303 270489 657865 624146 282375 234954 248787 91132 224746 165483 405069 131164 166610
574772 622407 357781 624679 591454 251420 643840 680196 888869 205096 539833 878226 164131 472851 736669 289496 432159 779883 601707 92794 455642 587181 840392 313156 964192 962140 12362 887893 54393 512207 348288 444989 876539 240507 271685 162503 502764 564305 866452 29338 922214 846514 1764 434277 312694 666937 394246 583630 703490 441232 231439 436147 406611 862684 476431 761370 233106 839876 368998 827418 92143 936360 355815 366128 31213 271408 965019 934436 665540 400746 820612 680452 399263 79352 404648 563881 984160 162368 852354 653945
215676 782835 30699 586239 223977 44554 856428 956980 384813 877973 372736 520365 408024 885471 676957 752643 297034 668620 661446 284969 804299 945448 410292 809627 491827 761484 216481 41467 141637 444475 508721 556003 110254 276204 150399 34589 218403 40132 261299 580910 801324 405769 704873 877754 460633 78164 468184 913707 672508 94263 729229 691107 849597 347694 88772 709207 704319 985109 246263 154039 501978 708934 193919 631971 995951 937248 154014 505698 415075 801513 370258 780597 356380 966882 874004 302506 311642 776720 355818 592796
237813 93430 789351 197136 437476 665694 930241 275903 410711 550497 650981 224802 247524 361278 81679 278251 745736 838721 204929 5791 89398 346085 725855 288581 629298 757498 575920 929940 105476 761653 827084 805418 897526 994724 921122 304655 28491 551389 795004 719402 244954 151025 165190 671445 606878 41135 628024 502000 990527 932179 56698 547504 101473 453122 556821 999108 56553 667879 654316 725253 724448 884121 299038 253781 840062 550105 124126 955162 276798 779855 316614 968386 558717 469524 878408 291832 105778 836665 103644 866997
412522 875049 38801 894848 302222 188704 497144 543094 900275 448173 216408 284068 939278 508389 11247 772858 122858 412222 626141 29392 605963 738308 413474 801969 299521 740686 922353 252529 443761 25926 385702 278618 240986 129617 412396 788223 533397 727989 542428 31030 996728 121309 500384 702035 141130 685463 136467 881427 477429 866425 43966 309378 706149 818519 915527 151702 953772 591378 47441 18116 646234 642747 480874 431770 830054 94353 524791 237214 109786 673118 142011 328849 648260 137662 439570 535958 853354 292886 81976 874883
48112 962994 508035 978579 333144 966873 188978 93287 556856 312954 139037 767355 994314 680261 81508 304680 310218 208203 27037 858615 243463 7283 906245 88899 373334 987839 806832 570385 454006 932596 839461 534566 95117 852526 773153 277394 526332 803873 896008 350239 136246 788377 150993 20567 701600 204165 522763 373376 59570 25757 836921 934117 675817 889923 708338 42018 430636 984471 440779 370951 27687 742043 436014 341053 958407 371404 495916 798804 261254 315368 332039 868420 252903 443699 890937 49611 530265 973753 438810 20600
248038 865186 796661 691266 573874 552581 61680 344619 698701 607142 798130 573823 950012 233467 590941 762052 310661 757757 458455 462032 827644 532416 994254 765544 903693 607767 950747 897363 248174 319810 50093 337340 769880 176550 598292 665335 737265 122779 264108 820016 585364 960551 755400 502899 961189 574025 536871 532725 726532 528711 425547 624083 881487 386401 666480 727315 535795 333226 783551 907760 436500 848427 411079 654991 601445 677243 424678 948866 925013 224521 622607 153811 645035 516146 163455 484020 376848 490364 727763 229542
603427 987015 274807 63549 19347 727427 637809 634280 620678 208461 192536 840648 297466 804938 168852 163508 570284 381885 816592 175410 105554 603827 543058 642792 695480 280630 505098 748492 853934 641603 120311 90372 460466 734547 452991 152621 482401 565006 495060 749501 430209 359035 928068 650687 909703 148675 635956 576198 849723 827063 532467 530729 511683 500204 781127 981605 235960 619557 728547 951686 258600 606470 110708 589659 81513 543982 837195 322181 783044 413253 827286 59880 600429 284980 137081 255381 979358 255226 832096 943220
412740 916042 94403 410394 938531 705260 796355 635576 749228 249316 710251 145105 271663 575656 178985 418305 662507 787567 918699 660485 206928 892319 582912 428168 25258 632066 281657 215817 260820 561704 823534 860921 748592 369797 284554 943483 547858 874975 913283 294285 521491 318364 270020 898269 317217 846615 982560 967063 208422 578236 112033 245238 682621 864078 973545 800786 999423 937270 946278 973952 215571 325198 254295 492760 862948 510592 273958 55470 489553 191657 769258 148409 143838 997696 379646 527545 621415 677803 508020 298202
549987 996498 413227 521051 658799 220240 880434 514087 657669 520995 713405 119749 891234 900091 34018 678627 26479 26408 921150 730541 115489 420142 448268 740358 377428 768398 592726 89156 613954 943277 536182 848460 859263 749696 286415 402619 722265 62133 45517 186678 444464 976049 94201 705503 393960 182957 197710 526028 251533 878379 971700 201561 827415 810536 131726 777956 990232 358223 232670 63893 308120 677100 767206 419858 212679 935071 355699 264513 656923 836281 766416 679452 640397 530415 10340 395078 225558 971385 847678 364804
819130 834254 151585 952027 173872 147266 199117 800090 129520 519065 609346 844745 946423 70506 650545 711061 276086 147508 406586 835701 337294 526643 248620 9770 269294 668531 201104 328830 778715 722263 352915 439686 522060 36622 609881 84392 695103 328498 708991 800249 530211 644095 677696 757761 704097 916961 388026 148020 850400 842693 839216 823779 7710 979629 640492 944450 233650 339078 133890 833073 498524 25806 866676 190189 52449 35538 856251 420690 375711 696417 948200 265871 542440 347338 161458 655357 780859 624587 868465 373060
26836 40205 34117 454221 411478 99097 243555 640222 177119 680806 223829 303367 395552 155464 200937 867299 685538 467779 233979 234939 286154 235295 739460 632528 713677 940164 555709 750091 349443 162231 873087 88122 490469 854060 217247 975331 34752 459912 850032 85769 530629 703606 982362 956805 882091 412324 305468 715950 380043 456054 706201 999712 417560 655936 547549 547723 90390 499702 533934 822219 876859 106969 942486 905144 181467 372395 372285 421898 467247 345614 572778 129485 903001 782773 821201 472858 673981 433551 879165 563504
464802 13538 945809 257503 887077 195709 195571 602429 727031 783791 849843 230338 916016 864181 236905 553217 82747 520683 536429 567941 926031 906709 578057 17259 244376 719318 999408 739395 751369 17046 24586 543846 833063 279654 148597 395834 816838 525627 696907 693069 496846 675306 348938 755757 535758 421114 683864 450458 975357 811782 313271 472811 688970 199414 30050 374466 358380 183587 556604 269823 625495 686897 567985 836162 931114 391424 284561 797597 437455 222300 672865 707932 266399 763913 971567 416128 527657 914886 165132 27360
832835 404914 714981 281008 378935 482134 716114 920561 788345 969823 18602 893569 834170 391519 209037 353610 727267 530292 745982 569987 305350 366549 968916 708996 62169 79465 949333 893272 627348 506354 241385 748136 628089 284809 202147 304431 282714 214908 542844 170276 415364 447968 596093 601991 861546 320800 497335 382787 910208 831382 405211 48357 919247 509466 793214 684473 503687 444002 739391 773509 4087 30222 77349 268396 462359 513742 662378 609922 813918 331758 788527 6343 525473 454748 694429 223784 898665 418631 960719 164925
