acquire 1574
    0380 1574 1578 2478 2548 2614
    2649 2677 2769 2830 2891 2906
    2966 2979 3175 3192 3416 3822
    3842 4309 4365 4470 4533 4624
    4636 4655 4830 4857 4876 4931
    5258 5291 5362 5375 5880 5904
    5918 6813 6834 6855 8010 8181
    8228 8264
acquiresleep 4622
    0389 4477 4492 4622 5311 5360
allocproc 2473
    2473 2525 2587
allocuvm 1927
    0430 1927 1941 1947 2565 6651
    6665
alltraps 3304
    3259 3267 3280 3285 3303 3304
ALT 7710
    7710 7738 7740
argfd 6071
    6071 6123 6138 6157 6168 6181
argint 3602
    0404 3602 3616 3632 3783 3806
    3820 6076 6138 6157 6408 6475
    6476 6532
argptr 3611
    0405 3611 6138 6157 6181 6557
argstr 3629
    0406 3629 6207 6308 6408 6457
    6474 6508 6532
BACK 8561
    8561 8674 8820 9089
backcmd 8596 8814
    8596 8609 8675 8814 8816 8942
    9055 9090
BACKSPACE 8100
    8100 8117 8159 8192 8198
balloc 5016
    5016 5036 5417 5425 5429
BBLOCK 4110
    4110 5023 5057
begin_op 4828
    0336 2644 4828 5933 6024 6210
    6311 6411 6456 6473 6507 6621
bfree 5052
    5052 5464 5474 5477
bget 4466
    4466 4496 4506
binit 4438
    0263 1230 4438
bmap 5410
    5152 5410 5436 5520 5570
bootmain 9217
    9168 9217
BPB 4107
    4107 4110 5022 5024 5058
bread 4502
    0264 4502 4777 4778 4790 4806
    4890 4891 4985 5006 5023 5057
    5211 5235 5314 5426 5470 5520
    5570
brelse 4526
    0265 4526 4529 4781 4782 4797
    4814 4894 4895 4987 5009 5029
    5034 5064 5217 5220 5244 5322
    5432 5476 5523 5574
BSIZE 4055
    3859 4055 4074 4101 4107 4280
    4296 4319 4758 4779 4892 5007
    5520 5521 5522 5566 5570 5571
    5572
buf 3850
    0250 0264 0265 0266 0308 0335
    2120 2123 2132 2134 3850 3856
    3857 3858 4213 4231 4234 4274
    4306 4354 4356 4359 4426 4430
    4434 4440 4453 4465 4468 4501
    4504 4515 4526 4706 4777 4778
    4790 4791 4797 4806 4807 4813
    4814 4890 4891 4922 4970 4983
    5004 5019 5054 5207 5232 5305
    5413 5459 5506 5556 7930 7941
    7945 7948 8168 8190 8204 8238
    8259 8266 8684 8687 8688 8689
    8703 8715 8716 8718 8719 8720
    8724
bwrite 4515
    0266 4515 4518 4780 4813 4893
bzero 5002
    5002 5030
B_DIRTY 3862
    3862 4294 4318 4323 4360 4378
    4486 4519 4939
B_VALID 3861
    3861 4322 4360 4378 4507
C 7731 8174
    7731 7779 7804 7805 7806 7807
    7808 7810 8174 8184 8188 8195
    8206 8239
CAPSLOCK 7712
    7712 7745 7886
cgaputc 8105
    8105 8163
clearpteu 2022
    0439 2022 2028 6667
cli 0557
    0557 0559 1124 1672 8060 8154
    9112
cmd 8565
    8565 8577 8586 8587 8592 8593
    8598 8602 8606 8615 8618 8623
    8631 8637 8641 8651 8675 8677
    8752 8755 8757 8758 8759 8760
    8763 8764 8766 8768 8769 8770
    8771 8772 8773 8774 8775 8776
    8779 8780 8782 8784 8785 8786
    8787 8788 8789 8800 8801 8803
    8805 8806 8807 8808 8809 8810
    8813 8814 8816 8818 8819 8820
    8821 8822 8912 8913 8914 8915
    8917 8921 8924 8930 8931 8934
    8937 8939 8942 8946 8948 8950
    8953 8955 8958 8960 8963 8964
    8975 8978 8981 8985 9000 9003
    9008 9012 9013 9016 9021 9022
    9028 9037 9038 9044 9045 9051
    9052 9061 9064 9066 9072 9073
    9078 9084 9090 9091 9094
cmostime 7552
    0325 7552
CMOS_PORT 7477
    7477 7491 7492 7534
cmos_read 7532
    7532 7543 7544 7545 7546 7547
    7548 7557 7564
CMOS_RETURN 7478
    7478 7537
CMOS_STATA 7520
    7520 7564
CMOS_STATB 7521
    7521 7557
CMOS_UIP 7522
    7522 7564
COM1 8314
    8314 8324 8327 8328 8329 8330
    8331 8332 8335 8341 8342 8357
    8359 8367 8369
commit 4901
    4753 4875 4901
CONSOLE 4186
    4186 8278 8279
consoleinit 8274
    0269 1226 8274
consoleintr 8177
    0271 7898 8177 8375
consoleread 8221
    8221 8279
consolewrite 8259
    8259 8278
consputc 8151
    7917 7948 8018 8036 8039 8043
    8044 8151 8192 8198 8205 8266
context 2326
    0251 0377 2303 2326 2345 2509
    2510 2511 2512 2781 2822 3028
CONV 7573
    7573 7574 7575 7576 7577 7578
    7579 7580
copyout 2118
    0438 2118 6675 6686
copyuvm 2035
    0435 2035 2046 2048 2592
cprintf 8002
    0270 1254 1941 1947 3026 3030
    3032 3440 3453 3458 3710 5151
    6625 7659 8002 8063 8064 8065
    8068
cpu 2301
    0311 0363 1254 1268 1506 1566
    1590 1608 1656 1717 2301 2312
    2436 2458 2761 3440 3453 3458
    7213
cpuid 2430
    0358 1254 1723 2430 3415 3441
    3454 3461
CR0_PE 0707
    0707 1137 1170 9143
CR0_PG 0709
    0709 1054 1170
CR0_WP 0708
    0708 1054 1170
CR4_PSE 0711
    0711 1047 1163
create 6357
    6357 6376 6389 6393 6414 6457
    6477
CRTPORT 8101
    8101 8110 8111 8112 8113 8131
    8132 8133 8134
CTL 7709
    7709 7735 7739 7885
DAY 7527
    7527 7546
deallocuvm 1961
    0431 1942 1948 1961 2009 2568
DEVSPACE 0204
    0204 1813 1826
devsw 4179
    4179 4184 5509 5511 5559 5561
    5862 8278 8279
dinode 4078
    4078 4101 5208 5212 5233 5236
    5306 5315
dirent 4115
    4115 5614 5655 6255 6304
dirlink 5652
    0288 5652 5667 5675 6230 6388
    6392 6393
dirlookup 5611
    0289 5611 5617 5621 5659 5775
    6323 6366
DIRSIZ 4113
    4113 4117 5605 5672 5728 5729
    5792 6204 6305 6360
DPL_USER 0761
    0761 1726 1727 2533 2534 3373
    3468 3478
E0ESC 7716
    7716 7870 7874 7875 7877 7880
elfhdr 0905
    0905 6615 9219 9224
ELF_MAGIC 0902
    0902 6634 9230
ELF_PROG_LOAD 0936
    0936 6645
end_op 4853
    0337 2646 4853 5935 6029 6212
    6219 6237 6246 6313 6347 6352
    6416 6421 6427 6436 6440 6458
    6462 6478 6482 6509 6515 6520
    6624 6659 6710
entry 1044
    0911 1040 1043 1044 3252 3253
    6699 7071 9221 9245 9246
EOI 7366
    7366 7441 7467
ERROR 7387
    7387 7434
ESR 7369
    7369 7437 7438
EXEC 8557
    8557 8622 8759 9065
exec 6610
    0275 6548 6610 6625 8468 8529
    8530 8626 8627
execcmd 8569 8753
    8569 8610 8623 8753 8755 9021
    9027 9028 9056 9066
exit 2627
    0359 2627 2665 3405 3409 3469
    3479 3768 8417 8420 8461 8526
    8531 8616 8625 8635 8680 8727
    8734
EXTMEM 0202
    0202 0208 1810
fdalloc 6103
    6103 6125 6432 6562
fetchint 3567
    0407 3567 3604 6539
fetchstr 3581
    0408 3581 3634 6545
file 4150
    0252 0278 0279 0280 0282 0283
    0284 0351 2348 4150 4971 5860
    5865 5875 5878 5881 5901 5902
    5914 5916 5952 5965 6002 6065
    6071 6074 6103 6120 6134 6153
    6166 6178 6405 6554 6758 6772
    7911 8309 8578 8633 8634 8764
    8772 8972
filealloc 5876
    0278 5876 6432 6778
fileclose 5914
    0279 2639 5914 5920 6171 6434
    6565 6566 6804 6806
filedup 5902
    0280 2607 5902 5906 6127
fileinit 5869
    0281 1231 5869
fileread 5965
    0282 5965 5980 6140
filestat 5952
    0283 5952 6183
filewrite 6002
    0284 6002 6034 6039 6159
fill_rtcdate 7541
    7541 7563 7566
FL_IF 0704
    0704 1674 1681 2441 2537 2819
fork 2580
    0360 2580 3762 8460 8523 8525
    8742 8744
fork1 8738
    8600 8642 8654 8661 8676 8723
    8738
forkret 2853
    2417 2512 2853
freerange 3151
    3111 3135 3141 3151
freevm 2003
    0432 1831 2003 2008 2062 2690
    6702 6707
FSSIZE 0162
    0162 4278
gatedesc 0855
    0523 0526 0855 3361
getcallerpcs 1627
    0381 1591 1627 3028 8066
getcmd 8684
    8684 8715
gettoken 8856
    8856 8941 8945 8957 8970 8971
    9007 9011 9033
growproc 2558
    0361 2558 3809
havedisk1 4233
    4233 4263 4362
holding 1652
    0382 1577 1604 1652 2813
holdingsleep 4651
    0391 4358 4517 4528 4651 5333
HOURS 7526
    7526 7545
ialloc 5204
    0290 5204 5222 6375 6376
IBLOCK 4104
    4104 5211 5235 5314
ICRHI 7380
    7380 7444 7502 7514
ICRLO 7370
    7370 7445 7446 7503 7505 7515
ID 7363
    7363 7404 7459
ideinit 4251
    0306 1232 4251
ideintr 4304
    0307 3424 4304
idelock 4230
    4230 4255 4309 4312 4330 4365
    4379 4383
iderw 4354
    0308 4354 4359 4361 4363 4508
    4520
idestart 4274
    4234 4274 4277 4285 4328 4375
idewait 4238
    4238 4257 4287 4318
IDE_BSY 4216
    4216 4242
IDE_CMD_RDMUL 4223
    4223 4282
IDE_CMD_READ 4221
    4221 4282
IDE_CMD_WRITE 4222
    4222 4283
IDE_CMD_WRMUL 4224
    4224 4283
IDE_DF 4218
    4218 4244
IDE_DRDY 4217
    4217 4242
IDE_ERR 4219
    4219 4244
idtinit 3379
    0415 1255 3379
idup 5289
    0291 2608 5289 5762
iget 5254
    5157 5218 5254 5274 5629 5760
iinit 5142
    0292 2864 5142
ilock 5303
    0293 5303 5309 5325 5765 5955
    5974 6025 6216 6229 6242 6317
    6325 6364 6368 6378 6424 6512
    6628 8233 8253 8268
inb 0453
    0453 4242 4262 7346 7537 7864
    7867 8111 8113 8335 8341 8342
    8357 8367 8369 9123 9131 9254
initlock 1562
    0383 1562 2425 3133 3375 4255
    4442 4615 4762 5146 5871 6786
    8276
initlog 4756
    0334 2865 4756 4759
initsleeplock 4613
    0392 4456 4613 5148
inituvm 1886
    0433 1886 1891 2530
inode 4162
    0253 0288 0289 0290 0291 0293
    0294 0295 0296 0297 0299 0300
    0301 0302 0303 0434 1903 2349
    4156 4162 4180 4181 4974 5138
    5148 5157 5203 5230 5253 5256
    5262 5288 5289 5303 5331 5358
    5382 5410 5456 5488 5503 5553
    5610 5611 5652 5656 5754 5757
    5789 5800 6205 6252 6303 6356
    6359 6406 6454 6469 6504 6616
    8221 8259
INPUT_BUF 8166
    8166 8168 8190 8202 8204 8206
    8238
insl 0462
    0462 0464 4319 9273
install_trans 4772
    4772 4821 4906
INT_DISABLED 7619
    7619 7664
IOAPIC 7608
    7608 7655
ioapic 7627
    7308 7325 7326 7624 7627 7636
    7637 7643 7644 7655
ioapicenable 7670
    0311 4256 7670 8282 8343
ioapicid 7215
    0312 7215 7326 7658 7659
ioapicinit 7651
    0313 1225 7651 7659
ioapicread 7634
    7634 7656 7657
ioapicwrite 7641
    7641 7664 7665 7675 7676
IPB 4101
    4101 4104 5212 5236 5315
iput 5358
    0294 2645 5358 5385 5660 5783
    5934 6235 6519
IRQ_COM1 3233
    3233 3434 8343
IRQ_ERROR 3235
    3235 7434
IRQ_IDE 3234
    3234 3423 3427 4256
IRQ_KBD 3232
    3232 3430 8282
IRQ_SPURIOUS 3236
    3236 3439 7414
IRQ_TIMER 3231
    3231 3414 3474 7421
isdirempty 6252
    6252 6259 6329
itrunc 5456
    4974 5367 5456
iunlock 5331
    0295 5331 5334 5384 5772 5957
    5977 6028 6225 6439 6518 8226
    8263
iunlockput 5382
    0296 5382 5767 5776 5779 6218
    6231 6234 6245 6330 6341 6345
    6351 6367 6371 6395 6426 6435
    6461 6481 6514 6658 6709
iupdate 5230
    0297 5230 5369 5482 5579 6224
    6244 6339 6344 6382 6386
kalloc 3187
    0316 1284 1744 1823 1892 1939
    2051 2494 3187 6780
KBDATAP 7704
    7704 7867
kbdgetc 7856
    7856 7898
kbdintr 7896
    0322 3431 7896
KBSTATP 7702
    7702 7864
KBS_DIB 7703
    7703 7865
KERNBASE 0207
    0207 0208 0210 0211 0213 0214
    1310 1634 1810 1932 2009
KERNLINK 0208
    0208 1811 9310
KEY_DEL 7728
    7728 7769 7791 7815
KEY_DN 7722
    7722 7765 7787 7811
KEY_END 7720
    7720 7768 7790 7814
KEY_HOME 7719
    7719 7768 7790 7814
KEY_INS 7727
    7727 7769 7791 7815
KEY_LF 7723
    7723 7767 7789 7813
KEY_PGDN 7726
    7726 7766 7788 7812
KEY_PGUP 7725
    7725 7766 7788 7812
KEY_RT 7724
    7724 7767 7789 7813
KEY_UP 7721
    7721 7765 7787 7811
kfree 3164
    0317 1949 1977 1979 2013 2016
    2055 2593 2688 3156 3164 3169
    6802 6823
kill 2975
    0362 2975 3459 3785 8467
kinit1 3131
    0318 1219 3131
kinit2 3139
    0319 1234 3139
KSTACKSIZE 0151
    0151 1058 1067 1285 1874 2498
kvmalloc 1840
    0427 1220 1840
lapiceoi 7464
    0328 3421 3425 3432 3436 3442
    7464
lapicid 7455
    0326 2444 7455 8063
lapicinit 7408
    0329 1222 1245 7408
lapicstartap 7483
    0330 1289 7483
lapicw 7401
    7401 7414 7420 7421 7422 7425
    7426 7431 7434 7437 7438 7441
    7444 7445 7451 7467 7502 7503
    7505 7514 7515
lcr3 0590
    0590 1855 1879
lgdt 0512
    0512 0520 1135 1728 9141
lidt 0526
    0526 0534 3381
LINT0 7385
    7385 7425
LINT1 7386
    7386 7426
LIST 8560
    8560 8640 8807 9083
listcmd 8590 8801
    8590 8611 8641 8801 8803 8946
    9057 9084
loaduvm 1903
    0434 1903 1909 1912 6655
log 4738 4750
    4738 4750 4762 4764 4765 4766
    4776 4777 4778 4790 4793 4794
    4795 4806 4809 4810 4811 4822
    4830 4832 4833 4834 4836 4838
    4839 4857 4858 4859 4860 4861
    4863 4868 4870 4876 4877 4878
    4879 4889 4890 4891 4903 4907
    4926 4928 4931 4932 4933 4936
    4937 4938 4940
logheader 4733
    4733 4745 4758 4759 4791 4807
LOGSIZE 0160
    0160 4735 4834 4926
log_write 4922
    0335 4922 4929 5008 5028 5063
    5216 5243 5430 5573
ltr 0538
    0538 0540 1878
mappages 1760
    1760 1829 1894 1946 2054
MAXARG 0158
    0158 6528 6614 6672
MAXARGS 8563
    8563 8571 8572 9040
MAXFILE 4075
    4075 5566
MAXOPBLOCKS 0159
    0159 0160 0161 4834 6017
memcmp 6915
    0395 6915 7237 7288 7567
memmove 6931
    0396 1275 1895 2053 2132 4779
    4892 4986 5242 5321 5522 5572
    5729 5731 6931 6954 8126
memset 6904
    0397 1747 1825 1893 1945 2511
    2532 3172 5007 5214 6334 6535
    6904 8128 8687 8758 8769 8785
    8806 8819
microdelay 7473
    0331 7473 7504 7506 7516 7535
    8358
min 4973
    4973 5521 5571
MINS 7525
    7525 7544
MONTH 7528
    7528 7547
mp 7052
    7052 7208 7229 7236 7237 7238
    7255 7260 7264 7265 7268 7269
    7280 7283 7285 7287 7294 7305
    7310 7342
MPBUS 7102
    7102 7329
mpconf 7063
    7063 7279 7282 7287 7306
mpconfig 7280
    7280 7310
mpenter 1241
    1241 1286
mpinit 7301
    0341 1221 7301
MPIOAPIC 7103
    7103 7324
mpioapic 7089
    7089 7308 7325 7327
MPIOINTR 7104
    7104 7330
MPLINTR 7105
    7105 7331
mpmain 1252
    1209 1236 1246 1252
MPPROC 7101
    7101 7316
mpproc 7078
    7078 7307 7317 7322
mpsearch 7256
    7256 7285
mpsearch1 7230
    7230 7264 7268 7271
multiboot_header 1029
    1028 1029
mycpu 2437
    0363 1256 1278 1590 1656 1673
    1674 1675 1683 1685 1870 1871
    1872 1873 1874 1877 2431 2437
    2442 2461 2761 2815 2821 2822
    2823
myproc 2457
    0364 2457 2561 2584 2629 2675
    2811 2831 2876 3404 3406 3408
    3451 3460 3462 3468 3473 3478
    3569 3584 3604 3614 3704 3791
    3808 3825 4629 4656 5762 6078
    6106 6170 6505 6564 6619 6837
    6857 8231
namecmp 5603
    0298 5603 5624 6320
namei 5790
    0299 2542 5790 6211 6420 6508
    6623
nameiparent 5801
    0300 5755 5770 5782 5801 6227
    6312 6362
namex 5755
    5755 5793 5803
NBUF 0161
    0161 4430 4453
NCPU 0152
    0152 2312 7213 7318
ncpu 7214
    1277 2313 2447 4256 7214 7318
    7319 7320
NDEV 0156
    0156 5509 5559 5862
NDIRECT 4073
    4073 4075 4084 4174 5415 5420
    5424 5425 5462 5469 5470 5477
    5478
NELEM 0442
    0442 1828 3022 3707 6537
nextpid 2416
    2416 2489
NFILE 0154
    0154 5865 5881
NINDIRECT 4074
    4074 4075 5422 5472
NINODE 0155
    0155 5138 5147 5262
NO 7706
    7706 7752 7755 7757 7758 7759
    7760 7762 7774 7777 7779 7780
    7781 7782 7784 7802 7803 7805
    7806 7807 7808
NOFILE 0153
    0153 2348 2605 2637 6078 6108
NPDENTRIES 0791
    0791 1306 2010
NPROC 0150
    0150 2411 2480 2654 2681 2770
    2957 2980 3019
NSEGS 0721
    0721 2305
nulterminate 9052
    8915 8930 9052 9073 9079 9080
    9085 9086 9091
NUMLOCK 7713
    7713 7746
outb 0471
    0471 4260 4269 4288 4289 4290
    4291 4292 4293 4295 4298 7345
    7346 7491 7492 7534 8110 8112
    8131 8132 8133 8134 8324 8327
    8328 8329 8330 8331 8332 8359
    9128 9136 9264 9265 9266 9267
    9268 9269
outsl 0483
    0483 0485 4296
outw 0477
    0477 1180 1182 9174 9176
O_CREATE 3953
    3953 6413 8978 8981
O_RDONLY 3950
    3950 6425 8975
O_RDWR 3952
    3952 6446 8514 8516 8707
O_WRONLY 3951
    3951 6445 6446 8978 8981
P2V 0211
    0211 1219 1234 1274 1742 1826
    1918 1978 2012 2053 2111 7234
    7262 7287 7493 8102
panic 8055 8731
    0272 1578 1605 1682 1684 1771
    1827 1863 1865 1867 1891 1909
    1912 1977 2008 2028 2046 2048
    2442 2451 2529 2634 2665 2814
    2816 2818 2820 2879 2882 3169
    3455 4277 4279 4285 4359 4361
    4363 4496 4518 4529 4759 4860
    4927 4929 5036 5061 5222 5274
    5309 5325 5334 5436 5617 5621
    5667 5675 5906 5920 5980 6034
    6039 6259 6328 6336 6376 6389
    6393 7311 7340 8013 8055 8063
    8123 8601 8620 8653 8731 8744
    8928 8972 9006 9010 9036 9041
panicked 7919
    7919 8069 8153
parseblock 9001
    9001 9006 9025
parsecmd 8918
    8602 8724 8918
parseexec 9017
    8914 8955 9017
parseline 8935
    8912 8924 8935 8946 9008
parsepipe 8951
    8913 8939 8951 8958
parseredirs 8964
    8964 9012 9031 9042
PCINT 7384
    7384 7431
pde_t 0103
    0103 0428 0429 0430 0431 0432
    0433 0434 0435 0438 0439 1210
    1260 1306 1710 1735 1737 1760
    1817 1820 1823 1886 1903 1927
    1961 2003 2022 2034 2035 2037
    2102 2118 2339 6618
PDX 0782
    0782 1740 1973
PDXSHIFT 0796
    0782 0788 0796 1310
peek 8901
    8901 8925 8940 8944 8956 8969
    9005 9009 9024 9032
PGADDR 0788
    0788 1973
PGROUNDDOWN 0799
    0799 1765 1766 2125
PGROUNDUP 0798
    0798 1937 1969 3154 6664
PGSIZE 0793
    0793 0798 0799 1305 1747 1775
    1776 1825 1890 1893 1894 1908
    1910 1914 1917 1938 1945 1946
    1970 1973 2044 2053 2054 2129
    2135 2531 2538 3155 3168 3172
    6653 6665 6667
PHYSTOP 0203
    0203 1234 1812 1826 1827 3168
pinit 2423
    0365 1228 2423
PIPE 8559
    8559 8650 8786 9077
pipe 6762
    0254 0352 0353 0354 4155 5931
    5972 6009 6762 6774 6780 6786
    6790 6794 6811 6830 6851 8463
    8652 8653
pipealloc 6772
    0351 6559 6772
pipeclose 6811
    0352 5931 6811
pipecmd 8584 8780
    8584 8612 8651 8780 8782 8958
    9058 9078
piperead 6851
    0353 5972 6851
PIPESIZE 6760
    6760 6764 6836 6844 6866
pipewrite 6830
    0354 6009 6830
popcli 1679
    0386 1622 1657 1679 1682 1684
    1880 2463
printint 7927
    7927 8026 8030
proc 2337
    0255 0364 0369 0436 1205 1558
    1706 1860 2309 2337 2343 2406
    2411 2414 2456 2459 2462 2472
    2475 2480 2522 2561 2583 2584
    2629 2630 2654 2673 2675 2681
    2760 2762 2770 2777 2786 2811
    2876 2955 2957 2977 2980 3015
    3019 3355 3459 3555 3569 3584
    3614 3704 3757 4207 4608 4966
    6061 6106 6505 6604 6619 6754
    7211 7307 7317 7319 7914 8311
procdump 3004
    0366 3004 8216
proghdr 0924
    0924 6617 9220 9234
PTE_ADDR 0807
    0807 1742 1913 1975 2012 2049
    2111
PTE_FLAGS 0808
    0808 2050
PTE_P 0801
    0801 1308 1310 1741 1751 1770
    1772 1974 2011 2047 2107
PTE_PS 0804
    0804 1308 1310
pte_t 0811
    0811 1734 1738 1742 1744 1763
    1906 1963 2024 2038 2104
PTE_U 0803
    0803 1751 1894 1946 2029 2109
PTE_W 0802
    0802 1308 1310 1751 1810 1812
    1813 1894 1946
PTX 0785
    0785 1753
PTXSHIFT 0795
    0785 0788 0795
pushcli 1667
    0385 1576 1655 1667 1869 2460
rcr2 0582
    0582 3454 3461
readeflags 0544
    0544 1671 1681 2441 2819
readi 5503
    0301 1918 5503 5620 5666 5975
    6258 6259 6632 6643
readsb 4981
    0287 4763 4981 5150
readsect 9260
    9260 9295
readseg 9279
    9214 9227 9238 9279
read_head 4788
    4788 4820
recover_from_log 4818
    4752 4767 4818
REDIR 8558
    8558 8630 8770 9071
redircmd 8575 8764
    8575 8613 8631 8764 8766 8975
    8978 8981 9059 9072
REG_ID 7610
    7610 7657
REG_TABLE 7612
    7612 7664 7665 7675 7676
REG_VER 7611
    7611 7656
release 1602
    0384 1602 1605 2484 2491 2552
    2618 2696 2702 2788 2833 2857
    2892 2905 2968 2986 2990 3180
    3197 3419 3826 3831 3844 4312
    4330 4383 4476 4491 4545 4630
    4640 4657 4839 4870 4879 4940
    5265 5281 5293 5364 5377 5884
    5888 5908 5922 5928 6822 6825
    6838 6847 6858 6869 8051 8214
    8232 8252 8267
releasesleep 4634
    0390 4531 4634 5336 5373
ROOTDEV 0157
    0157 2864 2865 5760
ROOTINO 4054
    4054 5760
rtcdate 0950
    0256 0325 0950 7541 7552 7554
run 3115
    3011 3115 3116 3122 3166 3176
    3189 7311
runcmd 8606
    8606 8620 8637 8643 8645 8659
    8666 8677 8724
RUNNING 2334
    2334 2779 2817 3011 3473
safestrcpy 6982
    0398 2541 2610 6693 6982
sb 4977
    0287 4104 4110 4761 4763 4764
    4765 4977 4981 4986 5022 5023
    5024 5057 5150 5151 5152 5153
    5154 5210 5211 5235 5314 7555
    7557 7559
sched 2808
    0368 2664 2808 2814 2816 2818
    2820 2832 2898
scheduler 2758
    0367 1257 2303 2758 2781 2822
SCROLLLOCK 7714
    7714 7747
SECS 7524
    7524 7543
SECTOR_SIZE 4215
    4215 4280
SECTSIZE 9212
    9212 9273 9286 9289 9294
SEG 0751
    0751 1724 1725 1726 1727
SEG16 0755
    0755 1870
segdesc 0725
    0509 0512 0725 0751 0755 2305
seginit 1715
    0426 1223 1244 1715
SEG_ASM 0660
    0660 1189 1190 9184 9185
SEG_KCODE 0714
    0714 1143 1724 3372 3373 9153
SEG_KDATA 0715
    0715 1153 1725 1873 3313 9158
SEG_NULLASM 0654
    0654 1188 9183
SEG_TSS 0718
    0718 1870 1872 1878
SEG_UCODE 0716
    0716 1726 2533
SEG_UDATA 0717
    0717 1727 2534
SETGATE 0875
    0875 3372 3373
setupkvm 1818
    0428 1818 1842 2042 2528 6637
SHIFT 7708
    7708 7736 7737 7885
skipelem 5715
    5715 5764
sleep 2874
    0370 2707 2874 2879 2882 3009
    3829 4379 4615 4626 4833 4836
    6842 6861 8236 8479
sleeplock 3901
    0258 0389 0390 0391 0392 3854
    3901 4166 4211 4424 4610 4613
    4622 4634 4651 4704 4968 5859
    6064 6757 7909 8307
spinlock 1501
    0257 0370 0380 0382 0383 0384
    0418 1501 1559 1562 1574 1602
    1652 2407 2410 2874 3109 3120
    3358 3363 3903 4210 4230 4423
    4429 4609 4703 4739 4967 5137
    5858 5864 6063 6756 6763 7908
    7922 8306
start 1123 8409 9111
    1122 1123 1166 1174 1176 4740
    4764 4777 4790 4806 4890 5152
    8408 8409 9110 9111 9167
startothers 1264
    1208 1233 1264
stat 4004
    0259 0283 0302 4004 4964 5488
    5952 6059 6179 8503
stati 5488
    0302 5488 5956
STA_R 0667 0766
    0667 0766 1189 1724 1726 9184
STA_W 0666 0765
    0666 0765 1190 1725 1727 9185
STA_X 0665 0764
    0665 0764 1189 1724 1726 9184
sti 0563
    0563 0565 1686 2766
stosb 0492
    0492 0494 6910 9240
stosl 0501
    0501 0503 6908
strlen 7001
    0399 6674 6675 7001 8718 8923
strncmp 6958
    0400 5605 6958
strncpy 6968
    0401 5672 6968
STS_IG32 0770
    0770 0881
STS_T32A 0769
    0769 1870
STS_TG32 0771
    0771 0881
sum 7218
    7218 7220 7222 7224 7225 7237
    7292
superblock 4063
    0260 0287 4063 4761 4977 4981
SVR 7367
    7367 7414
switchkvm 1853
    0437 1243 1843 1853 2782
switchuvm 1860
    0436 1860 1863 1865 1867 2572
    2778 6701
swtch 3059
    0377 2781 2822 3058 3059
SYSCALL 8453 8460 8461 8462 8463 8464 8465 8466 8467 8468 8469 8470 8471 8472 8473 8474 8475 8476 8477 8478 8479 8480
    8460 8461 8462 8463 8464 8465
    8466 8467 8468 8469 8470 8471
    8472 8473 8474 8475 8476 8477
    8478 8479 8480
syscall 3701
    0409 3407 3557 3701
SYS_chdir 3509
    3509 3681
sys_chdir 6501
    3650 3681 6501
SYS_close 3521
    3521 3693
sys_close 6163
    3651 3693 6163
SYS_dup 3510
    3510 3682
sys_dup 6118
    3652 3682 6118
SYS_exec 3507
    3507 3679 8413
sys_exec 6526
    3653 3679 6526
SYS_exit 3502
    3502 3674 8418
sys_exit 3766
    3654 3674 3766
SYS_fork 3501
    3501 3673
sys_fork 3760
    3655 3673 3760
SYS_fstat 3508
    3508 3680
sys_fstat 6176
    3656 3680 6176
SYS_getpid 3511
    3511 3683
sys_getpid 3789
    3657 3683 3789
SYS_kill 3506
    3506 3678
sys_kill 3779
    3658 3678 3779
SYS_link 3519
    3519 3691
sys_link 6202
    3659 3691 6202
SYS_mkdir 3520
    3520 3692
sys_mkdir 6451
    3660 3692 6451
SYS_mknod 3517
    3517 3689
sys_mknod 6467
    3661 3689 6467
SYS_open 3515
    3515 3687
sys_open 6401
    3662 3687 6401
SYS_pipe 3504
    3504 3676
sys_pipe 6551
    3663 3676 6551
SYS_read 3505
    3505 3677
sys_read 6132
    3664 3677 6132
SYS_sbrk 3512
    3512 3684
sys_sbrk 3801
    3665 3684 3801
SYS_sleep 3513
    3513 3685
sys_sleep 3815
    3666 3685 3815
SYS_unlink 3518
    3518 3690
sys_unlink 6301
    3667 3690 6301
SYS_uptime 3514
    3514 3686
sys_uptime 3838
    3670 3686 3838
SYS_wait 3503
    3503 3675
sys_wait 3773
    3668 3675 3773
SYS_write 3516
    3516 3688
sys_write 6151
    3669 3688 6151
taskstate 0814
    0814 2304
TDCR 7391
    7391 7420
ticks 3364
    0416 3364 3417 3418 3823 3824
    3829 3843
tickslock 3363
    0418 3363 3375 3416 3419 3822
    3826 3829 3831 3842 3844
TICR 7389
    7389 7422
TIMER 7381
    7381 7421
TPR 7365
    7365 7451
trap 3401
    3252 3254 3319 3401 3453 3455
    3458
trapframe 0602
    0602 2344 2502 3401
trapret 3324
    2418 2507 3323 3324
tvinit 3367
    0417 1229 3367
T_DEV 4002
    4002 5508 5558 6477
T_DIR 4000
    4000 5616 5766 6217 6329 6337
    6384 6425 6457 6513
T_FILE 4001
    4001 6369 6414
T_IRQ0 3229
    3229 3414 3423 3427 3430 3434
    3438 3439 3474 7414 7421 7434
    7664 7675
T_SYSCALL 3226
    3226 3373 3403 8414 8419 8457
uart 8316
    8316 8337 8355 8365
uartgetc 8363
    8363 8375
uartinit 8319
    0421 1227 8319
uartintr 8373
    0422 3435 8373
uartputc 8351
    0423 8160 8162 8347 8351
userinit 2520
    0371 1235 2520 2529
uva2ka 2102
    0429 2102 2126
V2P 0210
    0210 1287 1289 1751 1811 1812
    1855 1879 1894 1946 2054 3168
V2P_WO 0213
    0213 1040 1050
VER 7364
    7364 7430
wait 2671
    0372 2671 3775 8462 8533 8644
    8670 8671 8725
waitdisk 9251
    9251 9263 9272
wakeup 2964
    0373 2964 3418 4324 4639 4868
    4878 6816 6819 6841 6846 6868
    8208
wakeup1 2953
    2420 2651 2658 2953 2967
walkpgdir 1735
    1735 1768 1911 1971 2026 2045
    2106
writei 5553
    0303 5553 5674 6026 6335 6336
write_head 4804
    4804 4823 4905 4908
write_log 4885
    4885 4904
xchg 0569
    0569 1256 1581
YEAR 7529
    7529 7548
yield 2828
    0374 2828 3475
__attribute__ 1305
    0272 0367 1209 1305
